# MCY Water/ Mg2+ / Cl - solution
Water 200
1 	   0 		0 	   0 16    0 O
2  0.7569503		0 -0.5858822 1     0.717484 H
2 -0.7569503		0 -0.5858822
3          0            0    -0.2677 0 -1.434968 M
Magnesium 4
4	   0		0	   0 24.31 2 Mg2+
Chloride  8
5	   0		0	   0 35.45 -1 Cl-
end
MCY
1 1 1088213.2 	5.152712 	0 		0
1 2 1455.427 	2.961895 	273.5954 	2.233264
2 2 666.3373 	2.760844 	0 		0
1 4 47750.0	3.836		546.3		1.253 # New values of Mg potl
2 4 111.0	1.06		0		1.0   
1 5 198855.0	3.910		0		0
2 5 1857.0	2.408		77.94		1.369
4 5 28325.5	2.65		0		0
end
